<html><head><title>Live Timing</title><meta name="; robots; content=; noindex, nofollow;"></head><body>
<p><b>
ODR-SCCA 2024 Championship Solo Series, Southampton Motor Speedway
<br>
Virginia
<br>Live Timing - All Results are Unofficial</b>
<br>Updated Sunday, October 6, 2024    1:27:37 PM
<pre>
FTD: 33.89 JEREMIAH THOMAS
FTP: 28.81 JEREMIAH THOMAS
<pre>
<br><b>Recent Times</b>
 
Car/Class  Driver             Car Desc                         Run 1       Run 2       Run 3       Run 4       Run 5       Run 6     Best     Pax
  40 STXN  KEVIN HOLLAND      2007 HONDA CIVIC SI BLACK      44.640  0    0.000  0    0.000  0    0.000  0    0.000  0    0.000  0  44.640   36.560  10/6/2024 1:27:36 PM 
  16 DS    JAMES EWING        2022 TOYOTA GR86 WHITE         37.283 99    0.000  0    0.000  0    0.000  0    0.000  0    0.000  0 235.283  190.579  10/6/2024 1:26:50 PM 
 123 ES    ANDREW CARR        2000 MAZDA MIATA SILVER        37.151  0    0.000  0    0.000  0    0.000  0    0.000  0    0.000  0  37.151   29.424  10/6/2024 1:26:08 PM 
  18 FS    CRAIG WINKELMANN   2015 CHEVROLET CAMARO BLACK    44.271  0    0.000  0    0.000  0    0.000  0    0.000  0    0.000  0  44.271   36.037  10/6/2024 1:25:26 PM 
  17 CAMT  RANDALL SNIDER     1986 FORD MUSTANG RED          38.413  0    0.000  0    0.000  0    0.000  0    0.000  0    0.000  0  38.413   31.499  10/6/2024 1:24:39 PM 
   5 BS    TUG ARNOLD         2023 HONDA CIVIC GREY          39.776  0    0.000  0    0.000  0    0.000  0    0.000  0    0.000  0  39.776   32.537  10/6/2024 1:23:57 PM 
  57 HS    CHRIS MERRELL      2014 HYUNDAI SONATA SILVER     44.745  0    0.000  0    0.000  0    0.000  0    0.000  0    0.000  0  44.745   35.170  10/6/2024 1:23:14 PM 

<br><b>Top Overall Index Times</b>
 
   Class/Car Driver              Car Desc                       Best    Delta   Pax     Delta
1   SMF  189 JEREMIAH THOMAS     2007 MINI COOPER S YELLOW      33.894  0.000   28.810  0.000
2   CS   97  PHILIP IRVING       2004 HONDA S2000 BLUE          35.518  1.624   28.876  0.066
3   ES   123 ANDREW CARR         2000 MAZDA MIATA SILVER        37.151  3.257   29.424  0.614
4   STU  7   CALVIN JILEK        2023 HONDA CIVIC TYPE R BLUE   35.758  1.864   29.786  0.976
5   STX  42  ADAM FARLEY         2016 SUBARU BRZ BLUE           36.932  3.038   30.247  1.437
6   DS   757 TREY MARTIN         2024 SUBARU WRX BLUE           38.090  4.196   30.853  2.043
7   DSP  2   L. MARC LISNER      2013 PORSCHE 981S SILVER/BLACK 36.864  2.970   31.224  2.414
8   CAMT 50  GEORGE BALLANCE     1994 FORD MUSTANG BLUE         38.350  4.456   31.447  2.637
9   CAMT 17  RANDALL SNIDER      1986 FORD MUSTANG RED          38.413  4.519   31.499  2.689
10  BS   5   TUG ARNOLD          2023 HONDA CIVIC GREY          39.776  5.882   32.537  3.727
11  DS   3   JOSHUA INGERSOLL    2023 SUBARU WRX RED            40.432  6.538   32.750  3.940
12  XA   24  JUSTIN GOAD         2024 TOYOTA GR COROLLA GREY    38.926  5.032   32.854  4.044
13  STUN 33  LARRY KEY           2020 NISSAN 370Z NISMO WHITE   40.131  6.237   33.429  4.619
14  XAN  32  JAMES BRIDWELL      2009 SUBARU LEGACY SPEC B RUBY 40.235  6.341   33.958  5.148
15  XU   8   CHARLES DAUGHARTHY  1980 TRIUMPH  YELLOW           39.427  5.533   34.262  5.452
16  CSL  55  ALA KILLEN          1987 CHEVROLET CORVETTE        42.756  8.862   34.761  5.951
17  HS   57  CHRIS MERRELL       2014 HYUNDAI SONATA SILVER     44.745  10.851  35.170  6.360
18  FS   18  CRAIG WINKELMANN    2015 CHEVROLET CAMARO BLACK    44.271  10.377  36.037  7.227
19  DSL  61  BRITTANY BLIER      2023 SUBARU BRZ BLUE           44.492  10.598  36.039  7.229
20  SSTN 11  JOSEPH SIFEN        2022 AUDI TT RS WHITE          43.515  9.621   36.379  7.569
21  STXN 40  KEVIN HOLLAND       2007 HONDA CIVIC SI BLACK      44.640  10.746  36.560  7.750
22  DS   16  JAMES EWING         2022 TOYOTA GR86 WHITE         235.283 201.389 190.579 161.769
23  STR  34  JOHN WALTER         1999 MAZDA MIATA BLUE          239.780 205.886 199.497 170.687
24  DS   161 TODD KALEY          2023 SUBARU BRZ BLUE           999.999 966.105 999.999 971.189
25  ES   223 CASEY CARR          2000 MAZDA MIATA SILVER        999.999 966.105 999.999 971.189
26  HS   116 ALBERT JEFF LAFERT  2015 HYUNDAI ELANTRA RED       999.999 966.105 999.999 971.189
27  SMFL 89  KAREN THOMAS        2007 MINI COOPER S YELLOW      999.999 966.105 999.999 971.189
28  SMFN 771 KEEGAN CLAPPER      2005 ACURA RSX-S BLUE          999.999 966.105 999.999 971.189
29  SSM  205 JACOB CORBIN        1990 MAZDA MIATA BLACK         999.999 966.105 999.999 971.189
30  CAMCN65  ROB LAMB            2024 FORD MUSTANG DARK HORSE W 999.999 966.105 999.999 971.189
31  CAMCN77  ADAM PANHOLZER      2013 FORD MUSTANG GT GREY      999.999 966.105 999.999 971.189
32  CSN  56  JEFF KILLEN         1987 CHEVROLET CORVETTE        999.999 966.105 999.999 971.189
33  CS   197 SHANE IRVING        2004 HONDA S2000               999.999 966.105 999.999 971.189
34  CSP  181 CHRIS CARR          2000 MAZDA MIATA BLACK         999.999 966.105 999.999 971.189
35  STH  37  MARK MEIGHAN        2014 MINI COUNTRYMAN S RED     999.999 966.105 999.999 971.189
36  STRN 69  MICHAEL BARANYAI    1990 MAZDA MX-5 MIATA RED SU   999.999 966.105 999.999 971.189
37  STRN 10  REGGIE CABULONG     2022 SUBARU BRZ GREY           999.999 966.105 999.999 971.189
38  STRN 29  CHASE NEGICH        2002 MAZDA MIATA GREEN         999.999 966.105 999.999 971.189
39  STR  1   DANIEL CORLISS      1988 BMW 750IL BRONZIT         999.999 966.105 999.999 971.189
40  STR  75  BENJAMIN KERN       2011 MAZDA MX-5 SILVER         999.999 966.105 999.999 971.189
41  STR  64  BRAYDON ROSE        1993 MAZDA MIATA RED           999.999 966.105 999.999 971.189
42  STR  175 JOHNATHAN WEST      2011 MAZDA MX-5 LIQUID SILVER  999.999 966.105 999.999 971.189
43  STU  67  KEITH KASMIRE       2023 HONDA CIVIC BOOST BLUE    999.999 966.105 999.999 971.189
44  STXN 86  JACOB MAY           2015 SCION FRS BLACK           999.999 966.105 999.999 971.189
45  STX  111 JOSH KNIGHT         1992 BMW 325IS BLACK           999.999 966.105 999.999 971.189
46  STX  388 DANIEL SHARPE       2015 HONDA CIVIC SI RED        999.999 966.105 999.999 971.189
47  UK   296 STEPHEN BRADY       1996 PLYMOUTH NEON WHITE       999.999 966.105 999.999 971.189
48  XA   711 MARVIN BLAKE        2019 FORD FIESTA ST MAGNETIC G 999.999 966.105 999.999 971.189
49  XA   71  RICK MCNELLY        2017 VOLKSWAGEN ALLTRACK BLUE  999.999 966.105 999.999 971.189
50  XA   117 CHASE POOLE         2007 MAZDA 3 GRAY              999.999 966.105 999.999 971.189
51  XP   200 JAKE BOYD           2003 CHEVROLET CAVALIER BLUE   999.999 966.105 999.999 971.189
<br><br><b>Top Overall Raw Times</b>
 
   Class/Car Driver              Car Desc                       Best    Delta   Pax     Delta
1   SMF  189 JEREMIAH THOMAS     2007 MINI COOPER S YELLOW      33.894  0.000   28.810  0.000
2   CS   97  PHILIP IRVING       2004 HONDA S2000 BLUE          35.518  1.624   28.876  0.066
3   STU  7   CALVIN JILEK        2023 HONDA CIVIC TYPE R BLUE   35.758  1.864   29.786  0.976
4   DSP  2   L. MARC LISNER      2013 PORSCHE 981S SILVER/BLACK 36.864  2.970   31.224  2.414
5   STX  42  ADAM FARLEY         2016 SUBARU BRZ BLUE           36.932  3.038   30.247  1.437
6   ES   123 ANDREW CARR         2000 MAZDA MIATA SILVER        37.151  3.257   29.424  0.614
7   DS   757 TREY MARTIN         2024 SUBARU WRX BLUE           38.090  4.196   30.853  2.043
8   CAMT 50  GEORGE BALLANCE     1994 FORD MUSTANG BLUE         38.350  4.456   31.447  2.637
9   CAMT 17  RANDALL SNIDER      1986 FORD MUSTANG RED          38.413  4.519   31.499  2.689
10  XA   24  JUSTIN GOAD         2024 TOYOTA GR COROLLA GREY    38.926  5.032   32.854  4.044
11  XU   8   CHARLES DAUGHARTHY  1980 TRIUMPH  YELLOW           39.427  5.533   34.262  5.452
12  BS   5   TUG ARNOLD          2023 HONDA CIVIC GREY          39.776  5.882   32.537  3.727
13  STUN 33  LARRY KEY           2020 NISSAN 370Z NISMO WHITE   40.131  6.237   33.429  4.619
14  XAN  32  JAMES BRIDWELL      2009 SUBARU LEGACY SPEC B RUBY 40.235  6.341   33.958  5.148
15  DS   3   JOSHUA INGERSOLL    2023 SUBARU WRX RED            40.432  6.538   32.750  3.940
16  CSL  55  ALA KILLEN          1987 CHEVROLET CORVETTE        42.756  8.862   34.761  5.951
17  SSTN 11  JOSEPH SIFEN        2022 AUDI TT RS WHITE          43.515  9.621   36.379  7.569
18  FS   18  CRAIG WINKELMANN    2015 CHEVROLET CAMARO BLACK    44.271  10.377  36.037  7.227
19  DSL  61  BRITTANY BLIER      2023 SUBARU BRZ BLUE           44.492  10.598  36.039  7.229
20  STXN 40  KEVIN HOLLAND       2007 HONDA CIVIC SI BLACK      44.640  10.746  36.560  7.750
21  HS   57  CHRIS MERRELL       2014 HYUNDAI SONATA SILVER     44.745  10.851  35.170  6.360
22  DS   16  JAMES EWING         2022 TOYOTA GR86 WHITE         235.283 201.389 190.579 161.769
23  STR  34  JOHN WALTER         1999 MAZDA MIATA BLUE          239.780 205.886 199.497 170.687
24  DS   161 TODD KALEY          2023 SUBARU BRZ BLUE           999.999 966.105 999.999 971.189
25  ES   223 CASEY CARR          2000 MAZDA MIATA SILVER        999.999 966.105 999.999 971.189
26  HS   116 ALBERT JEFF LAFERT  2015 HYUNDAI ELANTRA RED       999.999 966.105 999.999 971.189
27  SMFL 89  KAREN THOMAS        2007 MINI COOPER S YELLOW      999.999 966.105 999.999 971.189
28  SMFN 771 KEEGAN CLAPPER      2005 ACURA RSX-S BLUE          999.999 966.105 999.999 971.189
29  SSM  205 JACOB CORBIN        1990 MAZDA MIATA BLACK         999.999 966.105 999.999 971.189
30  CAMCN65  ROB LAMB            2024 FORD MUSTANG DARK HORSE W 999.999 966.105 999.999 971.189
31  CAMCN77  ADAM PANHOLZER      2013 FORD MUSTANG GT GREY      999.999 966.105 999.999 971.189
32  CSN  56  JEFF KILLEN         1987 CHEVROLET CORVETTE        999.999 966.105 999.999 971.189
33  CS   197 SHANE IRVING        2004 HONDA S2000               999.999 966.105 999.999 971.189
34  CSP  181 CHRIS CARR          2000 MAZDA MIATA BLACK         999.999 966.105 999.999 971.189
35  STH  37  MARK MEIGHAN        2014 MINI COUNTRYMAN S RED     999.999 966.105 999.999 971.189
36  STRN 69  MICHAEL BARANYAI    1990 MAZDA MX-5 MIATA RED SU   999.999 966.105 999.999 971.189
37  STRN 10  REGGIE CABULONG     2022 SUBARU BRZ GREY           999.999 966.105 999.999 971.189
38  STRN 29  CHASE NEGICH        2002 MAZDA MIATA GREEN         999.999 966.105 999.999 971.189
39  STR  1   DANIEL CORLISS      1988 BMW 750IL BRONZIT         999.999 966.105 999.999 971.189
40  STR  75  BENJAMIN KERN       2011 MAZDA MX-5 SILVER         999.999 966.105 999.999 971.189
41  STR  64  BRAYDON ROSE        1993 MAZDA MIATA RED           999.999 966.105 999.999 971.189
42  STR  175 JOHNATHAN WEST      2011 MAZDA MX-5 LIQUID SILVER  999.999 966.105 999.999 971.189
43  STU  67  KEITH KASMIRE       2023 HONDA CIVIC BOOST BLUE    999.999 966.105 999.999 971.189
44  STXN 86  JACOB MAY           2015 SCION FRS BLACK           999.999 966.105 999.999 971.189
45  STX  111 JOSH KNIGHT         1992 BMW 325IS BLACK           999.999 966.105 999.999 971.189
46  STX  388 DANIEL SHARPE       2015 HONDA CIVIC SI RED        999.999 966.105 999.999 971.189
47  UK   296 STEPHEN BRADY       1996 PLYMOUTH NEON WHITE       999.999 966.105 999.999 971.189
48  XA   711 MARVIN BLAKE        2019 FORD FIESTA ST MAGNETIC G 999.999 966.105 999.999 971.189
49  XA   71  RICK MCNELLY        2017 VOLKSWAGEN ALLTRACK BLUE  999.999 966.105 999.999 971.189
50  XA   117 CHASE POOLE         2007 MAZDA 3 GRAY              999.999 966.105 999.999 971.189
51  XP   200 JAKE BOYD           2003 CHEVROLET CAVALIER BLUE   999.999 966.105 999.999 971.189
<br><br><b>Raw Times sorted by Class</b>
 
Car/Class  Driver             Car Desc                         Run 1       Run 2       Run 3       Run 4       Run 5       Run 6     Best     Pax
 
   5 BS    TUG ARNOLD         2023 HONDA CIVIC GREY          39.776  0    0.000  0    0.000  0    0.000  0    0.000  0    0.000  0  39.776   32.537
 
  97 CS    PHILIP IRVING      2004 HONDA S2000 BLUE          35.518  0    0.000  0    0.000  0    0.000  0    0.000  0    0.000  0  35.518   28.876
 197 CS    SHANE IRVING       2004 HONDA S2000                0.000  0    0.000  0    0.000  0    0.000  0    0.000  0    0.000  0 999.999  999.999
 
 757 DS    TREY MARTIN        2024 SUBARU WRX BLUE           38.090  0    0.000  0    0.000  0    0.000  0    0.000  0    0.000  0  38.090   30.853
   3 DS    JOSHUA INGERSOLL   2023 SUBARU WRX RED            40.432  0    0.000  0    0.000  0    0.000  0    0.000  0    0.000  0  40.432   32.750
  16 DS    JAMES EWING        2022 TOYOTA GR86 WHITE         37.283 99    0.000  0    0.000  0    0.000  0    0.000  0    0.000  0 235.283  190.579
 161 DS    TODD KALEY         2023 SUBARU BRZ BLUE            0.000  0    0.000  0    0.000  0    0.000  0    0.000  0    0.000  0 999.999  999.999
 
 123 ES    ANDREW CARR        2000 MAZDA MIATA SILVER        37.151  0    0.000  0    0.000  0    0.000  0    0.000  0    0.000  0  37.151   29.424
 223 ES    CASEY CARR         2000 MAZDA MIATA SILVER         0.000  0    0.000  0    0.000  0    0.000  0    0.000  0    0.000  0 999.999  999.999
 
  18 FS    CRAIG WINKELMANN   2015 CHEVROLET CAMARO BLACK    44.271  0    0.000  0    0.000  0    0.000  0    0.000  0    0.000  0  44.271   36.037
 
  57 HS    CHRIS MERRELL      2014 HYUNDAI SONATA SILVER     44.745  0    0.000  0    0.000  0    0.000  0    0.000  0    0.000  0  44.745   35.170
 116 HS    ALBERT JEFF LAFERT 2015 HYUNDAI ELANTRA RED        0.000  0    0.000  0    0.000  0    0.000  0    0.000  0    0.000  0 999.999  999.999
 
  37 STH   MARK MEIGHAN       2014 MINI COUNTRYMAN S RED      0.000  0    0.000  0    0.000  0    0.000  0    0.000  0    0.000  0 999.999  999.999
 
  34 STR   JOHN WALTER        1999 MAZDA MIATA BLUE          41.780 99    0.000  0    0.000  0    0.000  0    0.000  0    0.000  0 239.780  199.497
   1 STR   DANIEL CORLISS     1988 BMW 750IL BRONZIT          0.000  0    0.000  0    0.000  0    0.000  0    0.000  0    0.000  0 999.999  999.999
  75 STR   BENJAMIN KERN      2011 MAZDA MX-5 SILVER          0.000  0    0.000  0    0.000  0    0.000  0    0.000  0    0.000  0 999.999  999.999
  64 STR   BRAYDON ROSE       1993 MAZDA MIATA RED            0.000  0    0.000  0    0.000  0    0.000  0    0.000  0    0.000  0 999.999  999.999
 175 STR   JOHNATHAN WEST     2011 MAZDA MX-5 LIQUID SILVER   0.000  0    0.000  0    0.000  0    0.000  0    0.000  0    0.000  0 999.999  999.999
 
   7 STU   CALVIN JILEK       2023 HONDA CIVIC TYPE R BLUE   35.758  0    0.000  0    0.000  0    0.000  0    0.000  0    0.000  0  35.758   29.786
  67 STU   KEITH KASMIRE      2023 HONDA CIVIC BOOST BLUE     0.000  0    0.000  0    0.000  0    0.000  0    0.000  0    0.000  0 999.999  999.999
 
  42 STX   ADAM FARLEY        2016 SUBARU BRZ BLUE           36.932  0    0.000  0    0.000  0    0.000  0    0.000  0    0.000  0  36.932   30.247
 111 STX   JOSH KNIGHT        1992 BMW 325IS BLACK            0.000  0    0.000  0    0.000  0    0.000  0    0.000  0    0.000  0 999.999  999.999
 388 STX   DANIEL SHARPE      2015 HONDA CIVIC SI RED         0.000  0    0.000  0    0.000  0    0.000  0    0.000  0    0.000  0 999.999  999.999
 
 181 CSP   CHRIS CARR         2000 MAZDA MIATA BLACK          0.000  0    0.000  0    0.000  0    0.000  0    0.000  0    0.000  0 999.999  999.999
 
   2 DSP   L. MARC LISNER     2013 PORSCHE 981S SILVER/BLACK 36.864  0    0.000  0    0.000  0    0.000  0    0.000  0    0.000  0  36.864   31.224
 
 189 SMF   JEREMIAH THOMAS    2007 MINI COOPER S YELLOW      33.894  0    0.000  0    0.000  0    0.000  0    0.000  0    0.000  0  33.894   28.810
 
 205 SSM   JACOB CORBIN       1990 MAZDA MIATA BLACK          0.000  0    0.000  0    0.000  0    0.000  0    0.000  0    0.000  0 999.999  999.999
 
 200 XP    JAKE BOYD          2003 CHEVROLET CAVALIER BLUE    0.000  0    0.000  0    0.000  0    0.000  0    0.000  0    0.000  0 999.999  999.999
 
  50 CAMT  GEORGE BALLANCE    1994 FORD MUSTANG BLUE         38.350  0    0.000  0    0.000  0    0.000  0    0.000  0    0.000  0  38.350   31.447
  17 CAMT  RANDALL SNIDER     1986 FORD MUSTANG RED          38.413  0    0.000  0    0.000  0    0.000  0    0.000  0    0.000  0  38.413   31.499
 
 296 UK    STEPHEN BRADY      1996 PLYMOUTH NEON WHITE        0.000  0    0.000  0    0.000  0    0.000  0    0.000  0    0.000  0 999.999  999.999
 
  24 XA    JUSTIN GOAD        2024 TOYOTA GR COROLLA GREY    38.926  0    0.000  0    0.000  0    0.000  0    0.000  0    0.000  0  38.926   32.854
 711 XA    MARVIN BLAKE       2019 FORD FIESTA ST MAGNETIC G  0.000  0    0.000  0    0.000  0    0.000  0    0.000  0    0.000  0 999.999  999.999
  71 XA    RICK MCNELLY       2017 VOLKSWAGEN ALLTRACK BLUE   0.000  0    0.000  0    0.000  0    0.000  0    0.000  0    0.000  0 999.999  999.999
 117 XA    CHASE POOLE        2007 MAZDA 3 GRAY               0.000  0    0.000  0    0.000  0    0.000  0    0.000  0    0.000  0 999.999  999.999
 
   8 XU    CHARLES DAUGHARTHY 1980 TRIUMPH  YELLOW           39.427  0    0.000  0    0.000  0    0.000  0    0.000  0    0.000  0  39.427   34.262
 
  55 CSL   ALA KILLEN         1987 CHEVROLET CORVETTE        42.756  0    0.000  0    0.000  0    0.000  0    0.000  0    0.000  0  42.756   34.761
  61 DSL   BRITTANY BLIER     2023 SUBARU BRZ BLUE           44.492  0    0.000  0    0.000  0    0.000  0    0.000  0    0.000  0  44.492   36.039
  89 SMFL  KAREN THOMAS       2007 MINI COOPER S YELLOW       0.000  0    0.000  0    0.000  0    0.000  0    0.000  0    0.000  0 999.999  999.999
 
  33 STUN  LARRY KEY          2020 NISSAN 370Z NISMO WHITE   40.131  0    0.000  0    0.000  0    0.000  0    0.000  0    0.000  0  40.131   33.429
  32 XAN   JAMES BRIDWELL     2009 SUBARU LEGACY SPEC B RUBY 40.235  0    0.000  0    0.000  0    0.000  0    0.000  0    0.000  0  40.235   33.958
  11 SSTN  JOSEPH SIFEN       2022 AUDI TT RS WHITE          43.515  0    0.000  0    0.000  0    0.000  0    0.000  0    0.000  0  43.515   36.379
  40 STXN  KEVIN HOLLAND      2007 HONDA CIVIC SI BLACK      44.640  0    0.000  0    0.000  0    0.000  0    0.000  0    0.000  0  44.640   36.560
 771 SMFN  KEEGAN CLAPPER     2005 ACURA RSX-S BLUE           0.000  0    0.000  0    0.000  0    0.000  0    0.000  0    0.000  0 999.999  999.999
  65 CAMCN ROB LAMB           2024 FORD MUSTANG DARK HORSE W  0.000  0    0.000  0    0.000  0    0.000  0    0.000  0    0.000  0 999.999  999.999
  77 CAMCN ADAM PANHOLZER     2013 FORD MUSTANG GT GREY       0.000  0    0.000  0    0.000  0    0.000  0    0.000  0    0.000  0 999.999  999.999
  56 CSN   JEFF KILLEN        1987 CHEVROLET CORVETTE         0.000  0    0.000  0    0.000  0    0.000  0    0.000  0    0.000  0 999.999  999.999
  69 STRN  MICHAEL BARANYAI   1990 MAZDA MX-5 MIATA RED SU    0.000  0    0.000  0    0.000  0    0.000  0    0.000  0    0.000  0 999.999  999.999
  10 STRN  REGGIE CABULONG    2022 SUBARU BRZ GREY            0.000  0    0.000  0    0.000  0    0.000  0    0.000  0    0.000  0 999.999  999.999
  29 STRN  CHASE NEGICH       2002 MAZDA MIATA GREEN        999.999 99    0.000  0    0.000  0    0.000  0    0.000  0    0.000  0 999.999  999.999
  86 STXN  JACOB MAY          2015 SCION FRS BLACK            0.000  0    0.000  0    0.000  0    0.000  0    0.000  0    0.000  0 999.999  999.999
</pre></body></html>
